// using System.Collections;
// using System.Collections.Generic;
// using UnityEngine;
// using System;
// using System.Text;
// using System.IO;

namespace UpscaledRoomTemplatesSpace
{
    public static class UpscaledRoomTemplates
    {

        // These print the room templates to a text file. These would be useful to keep around, since I might want to adjust the room templates at some point...
        /*
        public static void temp_printRoomTemplateToConsole(float[,] heightArray)
        {
            StringBuilder stringBuilder = new StringBuilder(2000);

            stringBuilder.Append("public readonly static float[,] roomTemplate_ = { { ");

            for (int indexX=0; indexX<heightArray.GetLength(0); indexX++)
            {
                for (int indexY=0; indexY<heightArray.GetLength(1); indexY++)
                {
                    stringBuilder.Append(heightArray[indexX, indexY]);
                    if (indexY != heightArray.GetLength(1)-1) stringBuilder.Append("f, ");
                    else stringBuilder.Append("f");
                }

                if (indexX != heightArray.GetLength(0)-1) stringBuilder.Append(" } ,\n{ ");
            }

            stringBuilder.Append(" } };");

            saveData_String(stringBuilder.ToString(), "/roomTemplate.DAT");
        } 

        private static void saveData_String(string stringToSave, string fileName)
        {
            try {
                File.WriteAllText(Application.persistentDataPath + fileName, stringToSave);

            } catch (Exception e) {
                Debug.Log("There was an exception...? Saving String");

            }
        }*/



    // ------------------------------------------------------------------------------------------------------
    // ----------- No Doors Open Room: --------------------------------------------------------
    // ------------------------------------------------------------------------------------------------------

    public readonly static float[,] roomTemplate_noDoorsOpen = { { 3f, 3f, 3f, 3f, 3f, 3f, 3f, 3f, 3f, 3f, 3f, 3f, 3f, 3f, 3f, 3f, 3f, 3f, 3f, 3f, 3f, 3f, 3f, 3f, 3f, 3f, 3f, 3f, 3f, 3f, 3f, 3f, 3f, 3f, 3f, 3f, 3f, 3f, 3f, 3f, 3f, 3f, 3f, 3f, 3f, 3f, 3f, 3f, 3f, 3f } ,
{ 3f, 3f, 3f, 3f, 3f, 3f, 3f, 3f, 3f, 3f, 3f, 3f, 3f, 3f, 3f, 3f, 3f, 3f, 3f, 3f, 3f, 3f, 3f, 3f, 3f, 3f, 3f, 3f, 3f, 3f, 3f, 3f, 3f, 3f, 3f, 3f, 3f, 3f, 3f, 3f, 3f, 3f, 3f, 3f, 3f, 3f, 3f, 3f, 3f, 3f } ,
{ 3f, 3f, 3f, 3f, 3f, 3f, 3f, 3f, 3f, 3f, 3f, 3f, 3f, 3f, 3f, 3f, 3f, 3f, 3f, 3f, 3f, 3f, 3f, 3f, 3f, 3f, 3f, 3f, 3f, 3f, 3f, 3f, 3f, 3f, 3f, 3f, 3f, 3f, 3f, 3f, 3f, 3f, 3f, 3f, 3f, 3f, 3f, 3f, 3f, 3f } ,
{ 3f, 3f, 3f, 3f, 3f, 3f, 3f, 3f, 3f, 3f, 3f, 3f, 3f, 3f, 3f, 3f, 3f, 3f, 3f, 3f, 3f, 3f, 3f, 3f, 3f, 3f, 3f, 3f, 3f, 3f, 3f, 3f, 3f, 3f, 3f, 3f, 3f, 3f, 3f, 3f, 3f, 3f, 3f, 3f, 3f, 3f, 3f, 3f, 3f, 3f } ,
{ 3f, 3f, 3f, 3f, 3f, 3f, 3f, 3f, 3f, 3f, 3f, 3f, 3f, 3f, 3f, 3f, 3f, 3f, 3f, 3f, 3f, 3f, 3f, 3f, 3f, 3f, 3f, 3f, 3f, 3f, 3f, 3f, 3f, 3f, 3f, 3f, 3f, 3f, 3f, 3f, 3f, 3f, 3f, 3f, 3f, 3f, 3f, 3f, 3f, 3f } ,
{ 3f, 3f, 3f, 3f, 3f, 3f, 3f, 3f, 3f, 3f, 3f, 3f, 3f, 3f, 3f, 3f, 3f, 3f, 3f, 3f, 3f, 3f, 3f, 3f, 3f, 3f, 3f, 3f, 3f, 3f, 3f, 3f, 3f, 3f, 3f, 3f, 3f, 3f, 3f, 3f, 3f, 3f, 3f, 3f, 3f, 3f, 3f, 3f, 3f, 3f } ,
{ 3f, 3f, 3f, 3f, 3f, 3f, 3f, 3f, 3f, 3f, 3f, 3f, 3f, 3f, 3f, 3f, 3f, 3f, 3f, 3f, 3f, 3f, 3f, 3f, 3f, 3f, 3f, 3f, 3f, 3f, 3f, 3f, 3f, 3f, 3f, 3f, 3f, 3f, 3f, 3f, 3f, 3f, 3f, 3f, 3f, 3f, 3f, 3f, 3f, 3f } ,
{ 3f, 3f, 3f, 3f, 3f, 3f, 3f, 3f, 3f, 3f, 3f, 3f, 3f, 3f, 3f, 3f, 3f, 3f, 3f, 3f, 3f, 3f, 3f, 3f, 3f, 3f, 3f, 3f, 3f, 3f, 3f, 3f, 3f, 3f, 3f, 3f, 3f, 3f, 3f, 3f, 3f, 3f, 3f, 3f, 3f, 3f, 3f, 3f, 3f, 3f } ,
{ 3f, 3f, 3f, 3f, 3f, 3f, 3f, 3f, 3f, 3f, 3f, 3f, 3f, 3f, 3f, 3f, 3f, 3f, 3f, 3f, 3f, 3f, 3f, 3f, 3f, 3f, 3f, 3f, 3f, 3f, 3f, 3f, 3f, 3f, 3f, 3f, 3f, 3f, 3f, 3f, 3f, 3f, 3f, 3f, 3f, 3f, 3f, 3f, 3f, 3f } ,
{ 3f, 3f, 3f, 3f, 3f, 3f, 3f, 3f, 3f, 3f, 3f, 3f, 3f, 3f, 3f, 3f, 3f, 3f, 3f, 3f, 3f, 3f, 3f, 3f, 3f, 3f, 3f, 3f, 3f, 3f, 3f, 3f, 3f, 3f, 3f, 3f, 3f, 3f, 3f, 3f, 3f, 3f, 3f, 3f, 3f, 3f, 3f, 3f, 3f, 3f } ,
{ 3f, 3f, 3f, 3f, 3f, 3f, 3f, 3f, 3f, 3f, 3f, 3f, 3f, 3f, 3f, 3f, 3f, 3f, 3f, 3f, 3f, 3f, 3f, 3f, 3f, 3f, 3f, 3f, 3f, 3f, 3f, 3f, 3f, 3f, 3f, 3f, 3f, 3f, 3f, 3f, 3f, 3f, 3f, 3f, 3f, 3f, 3f, 3f, 3f, 3f } ,
{ 3f, 3f, 3f, 3f, 3f, 3f, 3f, 3f, 3f, 3f, 3f, 3f, 3f, 3f, 3f, 3f, 3f, 3f, 3f, 3f, 3f, 3f, 3f, 3f, 3f, 3f, 3f, 3f, 3f, 3f, 3f, 3f, 3f, 3f, 3f, 3f, 3f, 3f, 3f, 3f, 3f, 3f, 3f, 3f, 3f, 3f, 3f, 3f, 3f, 3f } ,
{ 3f, 3f, 3f, 3f, 3f, 3f, 3f, 3f, 3f, 3f, 3f, 3f, 3f, 3f, 3f, 3f, 3f, 3f, 3f, 3f, 3f, 3f, 3f, 3f, 3f, 3f, 3f, 3f, 3f, 3f, 3f, 3f, 3f, 3f, 3f, 3f, 3f, 3f, 3f, 3f, 3f, 3f, 3f, 3f, 3f, 3f, 3f, 3f, 3f, 3f } ,
{ 3f, 3f, 3f, 3f, 3f, 3f, 3f, 3f, 3f, 3f, 3f, 3f, 3f, 3f, 3f, 3f, 3f, 3f, 3f, 3f, 3f, 3f, 3f, 3f, 3f, 3f, 3f, 3f, 3f, 3f, 3f, 3f, 3f, 3f, 3f, 3f, 3f, 3f, 3f, 3f, 3f, 3f, 3f, 3f, 3f, 3f, 3f, 3f, 3f, 3f } ,
{ 3f, 3f, 3f, 3f, 3f, 3f, 3f, 3f, 3f, 3f, 3f, 3f, 3f, 3f, 3f, 3f, 3f, 3f, 3f, 3f, 3f, 3f, 3f, 3f, 3f, 3f, 3f, 3f, 3f, 3f, 3f, 3f, 3f, 3f, 3f, 3f, 3f, 3f, 3f, 3f, 3f, 3f, 3f, 3f, 3f, 3f, 3f, 3f, 3f, 3f } ,
{ 3f, 3f, 3f, 3f, 3f, 3f, 3f, 3f, 3f, 3f, 3f, 3f, 3f, 3f, 3f, 3f, 3f, 3f, 3f, 3f, 3f, 3f, 3f, 3f, 3f, 3f, 3f, 3f, 3f, 3f, 3f, 3f, 3f, 3f, 3f, 3f, 3f, 3f, 3f, 3f, 3f, 3f, 3f, 3f, 3f, 3f, 3f, 3f, 3f, 3f } ,
{ 3f, 3f, 3f, 3f, 3f, 3f, 3f, 3f, 3f, 3f, 3f, 3f, 3f, 3f, 3f, 3f, 3f, 3f, 3f, 3f, 3f, 3f, 3f, 3f, 3f, 3f, 3f, 3f, 3f, 3f, 3f, 3f, 3f, 3f, 3f, 3f, 3f, 3f, 3f, 3f, 3f, 3f, 3f, 3f, 3f, 3f, 3f, 3f, 3f, 3f } ,
{ 3f, 3f, 3f, 3f, 3f, 3f, 3f, 3f, 3f, 3f, 3f, 3f, 3f, 3f, 3f, 3f, 3f, 3f, 3f, 3f, 3f, 3f, 3f, 3f, 3f, 3f, 3f, 3f, 3f, 3f, 3f, 3f, 3f, 3f, 3f, 3f, 3f, 3f, 3f, 3f, 3f, 3f, 3f, 3f, 3f, 3f, 3f, 3f, 3f, 3f } ,
{ 3f, 3f, 3f, 3f, 3f, 3f, 3f, 3f, 3f, 3f, 3f, 3f, 3f, 3f, 3f, 3f, 3f, 3f, 3f, 3f, 3f, 3f, 3f, 3f, 3f, 3f, 3f, 3f, 3f, 3f, 3f, 3f, 3f, 3f, 3f, 3f, 3f, 3f, 3f, 3f, 3f, 3f, 3f, 3f, 3f, 3f, 3f, 3f, 3f, 3f } ,
{ 3f, 3f, 3f, 3f, 3f, 3f, 3f, 3f, 3f, 3f, 3f, 3f, 3f, 3f, 3f, 3f, 3f, 3f, 3f, 3f, 3f, 3f, 3f, 3f, 3f, 3f, 3f, 3f, 3f, 3f, 3f, 3f, 3f, 3f, 3f, 3f, 3f, 3f, 3f, 3f, 3f, 3f, 3f, 3f, 3f, 3f, 3f, 3f, 3f, 3f } ,
{ 3f, 3f, 3f, 3f, 3f, 3f, 3f, 3f, 3f, 3f, 3f, 3f, 3f, 3f, 3f, 3f, 3f, 3f, 3f, 3f, 3f, 3f, 3f, 3f, 3f, 3f, 3f, 3f, 3f, 3f, 3f, 3f, 3f, 3f, 3f, 3f, 3f, 3f, 3f, 3f, 3f, 3f, 3f, 3f, 3f, 3f, 3f, 3f, 3f, 3f } ,
{ 3f, 3f, 3f, 3f, 3f, 3f, 3f, 3f, 3f, 3f, 3f, 3f, 3f, 3f, 3f, 3f, 3f, 3f, 3f, 3f, 3f, 3f, 3f, 3f, 3f, 3f, 3f, 3f, 3f, 3f, 3f, 3f, 3f, 3f, 3f, 3f, 3f, 3f, 3f, 3f, 3f, 3f, 3f, 3f, 3f, 3f, 3f, 3f, 3f, 3f } ,
{ 3f, 3f, 3f, 3f, 3f, 3f, 3f, 3f, 3f, 3f, 3f, 3f, 3f, 3f, 3f, 3f, 3f, 3f, 3f, 3f, 3f, 3f, 3f, 3f, 3f, 3f, 3f, 3f, 3f, 3f, 3f, 3f, 3f, 3f, 3f, 3f, 3f, 3f, 3f, 3f, 3f, 3f, 3f, 3f, 3f, 3f, 3f, 3f, 3f, 3f } ,
{ 3f, 3f, 3f, 3f, 3f, 3f, 3f, 3f, 3f, 3f, 3f, 3f, 3f, 3f, 3f, 3f, 3f, 3f, 3f, 3f, 3f, 3f, 3f, 3f, 3f, 3f, 3f, 3f, 3f, 3f, 3f, 3f, 3f, 3f, 3f, 3f, 3f, 3f, 3f, 3f, 3f, 3f, 3f, 3f, 3f, 3f, 3f, 3f, 3f, 3f } ,
{ 3f, 3f, 3f, 3f, 3f, 3f, 3f, 3f, 3f, 3f, 3f, 3f, 3f, 3f, 3f, 3f, 3f, 3f, 3f, 3f, 3f, 3f, 3f, 3f, 3f, 3f, 3f, 3f, 3f, 3f, 3f, 3f, 3f, 3f, 3f, 3f, 3f, 3f, 3f, 3f, 3f, 3f, 3f, 3f, 3f, 3f, 3f, 3f, 3f, 3f } ,
{ 3f, 3f, 3f, 3f, 3f, 3f, 3f, 3f, 3f, 3f, 3f, 3f, 3f, 3f, 3f, 3f, 3f, 3f, 3f, 3f, 3f, 3f, 3f, 3f, 3f, 3f, 3f, 3f, 3f, 3f, 3f, 3f, 3f, 3f, 3f, 3f, 3f, 3f, 3f, 3f, 3f, 3f, 3f, 3f, 3f, 3f, 3f, 3f, 3f, 3f } ,
{ 3f, 3f, 3f, 3f, 3f, 3f, 3f, 3f, 3f, 3f, 3f, 3f, 3f, 3f, 3f, 3f, 3f, 3f, 3f, 3f, 3f, 3f, 3f, 3f, 3f, 3f, 3f, 3f, 3f, 3f, 3f, 3f, 3f, 3f, 3f, 3f, 3f, 3f, 3f, 3f, 3f, 3f, 3f, 3f, 3f, 3f, 3f, 3f, 3f, 3f } ,
{ 3f, 3f, 3f, 3f, 3f, 3f, 3f, 3f, 3f, 3f, 3f, 3f, 3f, 3f, 3f, 3f, 3f, 3f, 3f, 3f, 3f, 3f, 3f, 3f, 3f, 3f, 3f, 3f, 3f, 3f, 3f, 3f, 3f, 3f, 3f, 3f, 3f, 3f, 3f, 3f, 3f, 3f, 3f, 3f, 3f, 3f, 3f, 3f, 3f, 3f } ,
{ 3f, 3f, 3f, 3f, 3f, 3f, 3f, 3f, 3f, 3f, 3f, 3f, 3f, 3f, 3f, 3f, 3f, 3f, 3f, 3f, 3f, 3f, 3f, 3f, 3f, 3f, 3f, 3f, 3f, 3f, 3f, 3f, 3f, 3f, 3f, 3f, 3f, 3f, 3f, 3f, 3f, 3f, 3f, 3f, 3f, 3f, 3f, 3f, 3f, 3f } ,
{ 3f, 3f, 3f, 3f, 3f, 3f, 3f, 3f, 3f, 3f, 3f, 3f, 3f, 3f, 3f, 3f, 3f, 3f, 3f, 3f, 3f, 3f, 3f, 3f, 3f, 3f, 3f, 3f, 3f, 3f, 3f, 3f, 3f, 3f, 3f, 3f, 3f, 3f, 3f, 3f, 3f, 3f, 3f, 3f, 3f, 3f, 3f, 3f, 3f, 3f } ,
{ 3f, 3f, 3f, 3f, 3f, 3f, 3f, 3f, 3f, 3f, 3f, 3f, 3f, 3f, 3f, 3f, 3f, 3f, 3f, 3f, 3f, 3f, 3f, 3f, 3f, 3f, 3f, 3f, 3f, 3f, 3f, 3f, 3f, 3f, 3f, 3f, 3f, 3f, 3f, 3f, 3f, 3f, 3f, 3f, 3f, 3f, 3f, 3f, 3f, 3f } ,
{ 3f, 3f, 3f, 3f, 3f, 3f, 3f, 3f, 3f, 3f, 3f, 3f, 3f, 3f, 3f, 3f, 3f, 3f, 3f, 3f, 3f, 3f, 3f, 3f, 3f, 3f, 3f, 3f, 3f, 3f, 3f, 3f, 3f, 3f, 3f, 3f, 3f, 3f, 3f, 3f, 3f, 3f, 3f, 3f, 3f, 3f, 3f, 3f, 3f, 3f } ,
{ 3f, 3f, 3f, 3f, 3f, 3f, 3f, 3f, 3f, 3f, 3f, 3f, 3f, 3f, 3f, 3f, 3f, 3f, 3f, 3f, 3f, 3f, 3f, 3f, 3f, 3f, 3f, 3f, 3f, 3f, 3f, 3f, 3f, 3f, 3f, 3f, 3f, 3f, 3f, 3f, 3f, 3f, 3f, 3f, 3f, 3f, 3f, 3f, 3f, 3f } ,
{ 3f, 3f, 3f, 3f, 3f, 3f, 3f, 3f, 3f, 3f, 3f, 3f, 3f, 3f, 3f, 3f, 3f, 3f, 3f, 3f, 3f, 3f, 3f, 3f, 3f, 3f, 3f, 3f, 3f, 3f, 3f, 3f, 3f, 3f, 3f, 3f, 3f, 3f, 3f, 3f, 3f, 3f, 3f, 3f, 3f, 3f, 3f, 3f, 3f, 3f } ,
{ 3f, 3f, 3f, 3f, 3f, 3f, 3f, 3f, 3f, 3f, 3f, 3f, 3f, 3f, 3f, 3f, 3f, 3f, 3f, 3f, 3f, 3f, 3f, 3f, 3f, 3f, 3f, 3f, 3f, 3f, 3f, 3f, 3f, 3f, 3f, 3f, 3f, 3f, 3f, 3f, 3f, 3f, 3f, 3f, 3f, 3f, 3f, 3f, 3f, 3f } ,
{ 3f, 3f, 3f, 3f, 3f, 3f, 3f, 3f, 3f, 3f, 3f, 3f, 3f, 3f, 3f, 3f, 3f, 3f, 3f, 3f, 3f, 3f, 3f, 3f, 3f, 3f, 3f, 3f, 3f, 3f, 3f, 3f, 3f, 3f, 3f, 3f, 3f, 3f, 3f, 3f, 3f, 3f, 3f, 3f, 3f, 3f, 3f, 3f, 3f, 3f } ,
{ 3f, 3f, 3f, 3f, 3f, 3f, 3f, 3f, 3f, 3f, 3f, 3f, 3f, 3f, 3f, 3f, 3f, 3f, 3f, 3f, 3f, 3f, 3f, 3f, 3f, 3f, 3f, 3f, 3f, 3f, 3f, 3f, 3f, 3f, 3f, 3f, 3f, 3f, 3f, 3f, 3f, 3f, 3f, 3f, 3f, 3f, 3f, 3f, 3f, 3f } ,
{ 3f, 3f, 3f, 3f, 3f, 3f, 3f, 3f, 3f, 3f, 3f, 3f, 3f, 3f, 3f, 3f, 3f, 3f, 3f, 3f, 3f, 3f, 3f, 3f, 3f, 3f, 3f, 3f, 3f, 3f, 3f, 3f, 3f, 3f, 3f, 3f, 3f, 3f, 3f, 3f, 3f, 3f, 3f, 3f, 3f, 3f, 3f, 3f, 3f, 3f } ,
{ 3f, 3f, 3f, 3f, 3f, 3f, 3f, 3f, 3f, 3f, 3f, 3f, 3f, 3f, 3f, 3f, 3f, 3f, 3f, 3f, 3f, 3f, 3f, 3f, 3f, 3f, 3f, 3f, 3f, 3f, 3f, 3f, 3f, 3f, 3f, 3f, 3f, 3f, 3f, 3f, 3f, 3f, 3f, 3f, 3f, 3f, 3f, 3f, 3f, 3f } ,
{ 3f, 3f, 3f, 3f, 3f, 3f, 3f, 3f, 3f, 3f, 3f, 3f, 3f, 3f, 3f, 3f, 3f, 3f, 3f, 3f, 3f, 3f, 3f, 3f, 3f, 3f, 3f, 3f, 3f, 3f, 3f, 3f, 3f, 3f, 3f, 3f, 3f, 3f, 3f, 3f, 3f, 3f, 3f, 3f, 3f, 3f, 3f, 3f, 3f, 3f } ,
{ 3f, 3f, 3f, 3f, 3f, 3f, 3f, 3f, 3f, 3f, 3f, 3f, 3f, 3f, 3f, 3f, 3f, 3f, 3f, 3f, 3f, 3f, 3f, 3f, 3f, 3f, 3f, 3f, 3f, 3f, 3f, 3f, 3f, 3f, 3f, 3f, 3f, 3f, 3f, 3f, 3f, 3f, 3f, 3f, 3f, 3f, 3f, 3f, 3f, 3f } ,
{ 3f, 3f, 3f, 3f, 3f, 3f, 3f, 3f, 3f, 3f, 3f, 3f, 3f, 3f, 3f, 3f, 3f, 3f, 3f, 3f, 3f, 3f, 3f, 3f, 3f, 3f, 3f, 3f, 3f, 3f, 3f, 3f, 3f, 3f, 3f, 3f, 3f, 3f, 3f, 3f, 3f, 3f, 3f, 3f, 3f, 3f, 3f, 3f, 3f, 3f } ,
{ 3f, 3f, 3f, 3f, 3f, 3f, 3f, 3f, 3f, 3f, 3f, 3f, 3f, 3f, 3f, 3f, 3f, 3f, 3f, 3f, 3f, 3f, 3f, 3f, 3f, 3f, 3f, 3f, 3f, 3f, 3f, 3f, 3f, 3f, 3f, 3f, 3f, 3f, 3f, 3f, 3f, 3f, 3f, 3f, 3f, 3f, 3f, 3f, 3f, 3f } ,
{ 3f, 3f, 3f, 3f, 3f, 3f, 3f, 3f, 3f, 3f, 3f, 3f, 3f, 3f, 3f, 3f, 3f, 3f, 3f, 3f, 3f, 3f, 3f, 3f, 3f, 3f, 3f, 3f, 3f, 3f, 3f, 3f, 3f, 3f, 3f, 3f, 3f, 3f, 3f, 3f, 3f, 3f, 3f, 3f, 3f, 3f, 3f, 3f, 3f, 3f } ,
{ 3f, 3f, 3f, 3f, 3f, 3f, 3f, 3f, 3f, 3f, 3f, 3f, 3f, 3f, 3f, 3f, 3f, 3f, 3f, 3f, 3f, 3f, 3f, 3f, 3f, 3f, 3f, 3f, 3f, 3f, 3f, 3f, 3f, 3f, 3f, 3f, 3f, 3f, 3f, 3f, 3f, 3f, 3f, 3f, 3f, 3f, 3f, 3f, 3f, 3f } ,
{ 3f, 3f, 3f, 3f, 3f, 3f, 3f, 3f, 3f, 3f, 3f, 3f, 3f, 3f, 3f, 3f, 3f, 3f, 3f, 3f, 3f, 3f, 3f, 3f, 3f, 3f, 3f, 3f, 3f, 3f, 3f, 3f, 3f, 3f, 3f, 3f, 3f, 3f, 3f, 3f, 3f, 3f, 3f, 3f, 3f, 3f, 3f, 3f, 3f, 3f } ,
{ 3f, 3f, 3f, 3f, 3f, 3f, 3f, 3f, 3f, 3f, 3f, 3f, 3f, 3f, 3f, 3f, 3f, 3f, 3f, 3f, 3f, 3f, 3f, 3f, 3f, 3f, 3f, 3f, 3f, 3f, 3f, 3f, 3f, 3f, 3f, 3f, 3f, 3f, 3f, 3f, 3f, 3f, 3f, 3f, 3f, 3f, 3f, 3f, 3f, 3f } ,
{ 3f, 3f, 3f, 3f, 3f, 3f, 3f, 3f, 3f, 3f, 3f, 3f, 3f, 3f, 3f, 3f, 3f, 3f, 3f, 3f, 3f, 3f, 3f, 3f, 3f, 3f, 3f, 3f, 3f, 3f, 3f, 3f, 3f, 3f, 3f, 3f, 3f, 3f, 3f, 3f, 3f, 3f, 3f, 3f, 3f, 3f, 3f, 3f, 3f, 3f } ,
{ 3f, 3f, 3f, 3f, 3f, 3f, 3f, 3f, 3f, 3f, 3f, 3f, 3f, 3f, 3f, 3f, 3f, 3f, 3f, 3f, 3f, 3f, 3f, 3f, 3f, 3f, 3f, 3f, 3f, 3f, 3f, 3f, 3f, 3f, 3f, 3f, 3f, 3f, 3f, 3f, 3f, 3f, 3f, 3f, 3f, 3f, 3f, 3f, 3f, 3f } ,
{ 3f, 3f, 3f, 3f, 3f, 3f, 3f, 3f, 3f, 3f, 3f, 3f, 3f, 3f, 3f, 3f, 3f, 3f, 3f, 3f, 3f, 3f, 3f, 3f, 3f, 3f, 3f, 3f, 3f, 3f, 3f, 3f, 3f, 3f, 3f, 3f, 3f, 3f, 3f, 3f, 3f, 3f, 3f, 3f, 3f, 3f, 3f, 3f, 3f, 3f } };

    // ------------------------------------------------------------------------------------------------------
    // ----------- One Doors Open Rooms: --------------------------------------------------------
    // ------------------------------------------------------------------------------------------------------

    public readonly static float[,] roomTemplate_L = { { 3f, 2.97537f, 2.901885f, 2.78075f, 2.613956f, 2.404241f, 2.155048f, 1.87047f, 1.555177f, 1.21435f, 0.8535829f, 0.4787995f, 0.09615469f, -0.288069f, -0.6675627f, -1.036095f, -1.387615f, -1.71635f, -2.016903f, -2.284338f, -2.514264f, -2.702907f, -2.847167f, -2.944677f, -2.993836f, -2.993836f, -2.944677f, -2.847167f, -2.702907f, -2.514264f, -2.284338f, -2.016903f, -1.71635f, -1.387615f, -1.036095f, -0.6675627f, -0.288069f, 0.09615469f, 0.4787995f, 0.8535829f, 1.21435f, 1.555177f, 1.87047f, 2.155048f, 2.404241f, 2.613956f, 2.78075f, 2.901885f, 2.97537f, 3f } ,
{ 3f, 2.97537f, 2.901885f, 2.78075f, 2.613956f, 2.404241f, 2.155048f, 1.87047f, 1.555177f, 1.21435f, 0.8535829f, 0.4787995f, 0.09615469f, -0.288069f, -0.6675627f, -1.036095f, -1.387615f, -1.71635f, -2.016903f, -2.284338f, -2.514264f, -2.702907f, -2.847167f, -2.944677f, -2.993836f, -2.993836f, -2.944677f, -2.847167f, -2.702907f, -2.514264f, -2.284338f, -2.016903f, -1.71635f, -1.387615f, -1.036095f, -0.6675627f, -0.288069f, 0.09615469f, 0.4787995f, 0.8535829f, 1.21435f, 1.555177f, 1.87047f, 2.155048f, 2.404241f, 2.613956f, 2.78075f, 2.901885f, 2.97537f, 3f } ,
{ 3f, 2.97537f, 2.901885f, 2.78075f, 2.613956f, 2.404241f, 2.155048f, 1.87047f, 1.555177f, 1.21435f, 0.8535829f, 0.4787995f, 0.09615469f, -0.288069f, -0.6675627f, -1.036095f, -1.387615f, -1.71635f, -2.016903f, -2.284338f, -2.514264f, -2.702907f, -2.847167f, -2.944677f, -2.993836f, -2.993836f, -2.944677f, -2.847167f, -2.702907f, -2.514264f, -2.284338f, -2.016903f, -1.71635f, -1.387615f, -1.036095f, -0.6675627f, -0.288069f, 0.09615469f, 0.4787995f, 0.8535829f, 1.21435f, 1.555177f, 1.87047f, 2.155048f, 2.404241f, 2.613956f, 2.78075f, 2.901885f, 2.97537f, 3f } ,
{ 3f, 2.97537f, 2.901885f, 2.78075f, 2.613956f, 2.404241f, 2.155048f, 1.87047f, 1.555177f, 1.21435f, 0.8535829f, 0.4787995f, 0.09615469f, -0.288069f, -0.6675627f, -1.036095f, -1.387615f, -1.71635f, -2.016903f, -2.284338f, -2.514264f, -2.702907f, -2.847167f, -2.944677f, -2.993836f, -2.993836f, -2.944677f, -2.847167f, -2.702907f, -2.514264f, -2.284338f, -2.016903f, -1.71635f, -1.387615f, -1.036095f, -0.6675627f, -0.288069f, 0.09615469f, 0.4787995f, 0.8535829f, 1.21435f, 1.555177f, 1.87047f, 2.155048f, 2.404241f, 2.613956f, 2.78075f, 2.901885f, 2.97537f, 3f } ,
{ 3f, 2.97537f, 2.901885f, 2.78075f, 2.613956f, 2.404241f, 2.155048f, 1.87047f, 1.555177f, 1.21435f, 0.8535829f, 0.4787995f, 0.09615469f, -0.288069f, -0.6675627f, -1.036095f, -1.387615f, -1.71635f, -2.016903f, -2.284338f, -2.514264f, -2.702907f, -2.847167f, -2.944677f, -2.993836f, -2.993836f, -2.944677f, -2.847167f, -2.702907f, -2.514264f, -2.284338f, -2.016903f, -1.71635f, -1.387615f, -1.036095f, -0.6675627f, -0.288069f, 0.09615469f, 0.4787995f, 0.8535829f, 1.21435f, 1.555177f, 1.87047f, 2.155048f, 2.404241f, 2.613956f, 2.78075f, 2.901885f, 2.97537f, 3f } ,
{ 3f, 2.97537f, 2.901885f, 2.78075f, 2.613956f, 2.404241f, 2.155048f, 1.87047f, 1.555177f, 1.21435f, 0.8535829f, 0.4787995f, 0.09615469f, -0.288069f, -0.6675627f, -1.036095f, -1.387615f, -1.71635f, -2.016903f, -2.284338f, -2.514264f, -2.702907f, -2.847167f, -2.944677f, -2.993836f, -2.993836f, -2.944677f, -2.847167f, -2.702907f, -2.514264f, -2.284338f, -2.016903f, -1.71635f, -1.387615f, -1.036095f, -0.6675627f, -0.288069f, 0.09615469f, 0.4787995f, 0.8535829f, 1.21435f, 1.555177f, 1.87047f, 2.155048f, 2.404241f, 2.613956f, 2.78075f, 2.901885f, 2.97537f, 3f } ,
{ 3f, 2.97537f, 2.901885f, 2.78075f, 2.613956f, 2.404241f, 2.155048f, 1.87047f, 1.555177f, 1.21435f, 0.8535829f, 0.4787995f, 0.09615469f, -0.288069f, -0.6675627f, -1.036095f, -1.387615f, -1.71635f, -2.016903f, -2.284338f, -2.514264f, -2.702907f, -2.847167f, -2.944677f, -2.993836f, -2.993836f, -2.944677f, -2.847167f, -2.702907f, -2.514264f, -2.284338f, -2.016903f, -1.71635f, -1.387615f, -1.036095f, -0.6675627f, -0.288069f, 0.09615469f, 0.4787995f, 0.8535829f, 1.21435f, 1.555177f, 1.87047f, 2.155048f, 2.404241f, 2.613956f, 2.78075f, 2.901885f, 2.97537f, 3f } ,
{ 3f, 2.97537f, 2.901885f, 2.78075f, 2.613956f, 2.404241f, 2.155048f, 1.87047f, 1.555177f, 1.21435f, 0.8535829f, 0.4787995f, 0.09615469f, -0.288069f, -0.6675627f, -1.036095f, -1.387615f, -1.71635f, -2.016903f, -2.284338f, -2.514264f, -2.702907f, -2.847167f, -2.944677f, -2.993836f, -2.993836f, -2.944677f, -2.847167f, -2.702907f, -2.514264f, -2.284338f, -2.016903f, -1.71635f, -1.387615f, -1.036095f, -0.6675627f, -0.288069f, 0.09615469f, 0.4787995f, 0.8535829f, 1.21435f, 1.555177f, 1.87047f, 2.155048f, 2.404241f, 2.613956f, 2.78075f, 2.901885f, 2.97537f, 3f } ,
{ 3f, 2.97537f, 2.901885f, 2.78075f, 2.613956f, 2.404241f, 2.155048f, 1.87047f, 1.555177f, 1.21435f, 0.8535829f, 0.4787995f, 0.09615469f, -0.288069f, -0.6675627f, -1.036095f, -1.387615f, -1.71635f, -2.016903f, -2.284338f, -2.514264f, -2.702907f, -2.847167f, -2.944677f, -2.993836f, -2.993836f, -2.944677f, -2.847167f, -2.702907f, -2.514264f, -2.284338f, -2.016903f, -1.71635f, -1.387615f, -1.036095f, -0.6675627f, -0.288069f, 0.09615469f, 0.4787995f, 0.8535829f, 1.21435f, 1.555177f, 1.87047f, 2.155048f, 2.404241f, 2.613956f, 2.78075f, 2.901885f, 2.97537f, 3f } ,
{ 3f, 2.97537f, 2.901885f, 2.78075f, 2.613956f, 2.404241f, 2.155048f, 1.87047f, 1.555177f, 1.21435f, 0.8535829f, 0.4787995f, 0.09615469f, -0.288069f, -0.6675627f, -1.036095f, -1.387615f, -1.71635f, -2.016903f, -2.284338f, -2.514264f, -2.702907f, -2.847167f, -2.944677f, -2.993836f, -2.993836f, -2.944677f, -2.847167f, -2.702907f, -2.514264f, -2.284338f, -2.016903f, -1.71635f, -1.387615f, -1.036095f, -0.6675627f, -0.288069f, 0.09615469f, 0.4787995f, 0.8535829f, 1.21435f, 1.555177f, 1.87047f, 2.155048f, 2.404241f, 2.613956f, 2.78075f, 2.901885f, 2.97537f, 3f } ,
{ 3f, 2.97537f, 2.901885f, 2.78075f, 2.613956f, 2.404241f, 2.155048f, 1.87047f, 1.555177f, 1.21435f, 0.8535829f, 0.4787995f, 0.09615469f, -0.288069f, -0.6675627f, -1.036095f, -1.387615f, -1.71635f, -2.016903f, -2.284338f, -2.514264f, -2.702907f, -2.847167f, -2.944677f, -2.993836f, -2.993836f, -2.944677f, -2.847167f, -2.702907f, -2.514264f, -2.284338f, -2.016903f, -1.71635f, -1.387615f, -1.036095f, -0.6675627f, -0.288069f, 0.09615469f, 0.4787995f, 0.8535829f, 1.21435f, 1.555177f, 1.87047f, 2.155048f, 2.404241f, 2.613956f, 2.78075f, 2.901885f, 2.97537f, 3f } ,
{ 3f, 2.97537f, 2.901885f, 2.78075f, 2.613956f, 2.404241f, 2.155048f, 1.87047f, 1.555177f, 1.21435f, 0.8535829f, 0.4787995f, 0.09615469f, -0.288069f, -0.6675627f, -1.036095f, -1.387615f, -1.71635f, -2.016903f, -2.284338f, -2.514264f, -2.702907f, -2.847167f, -2.944677f, -2.993836f, -2.993836f, -2.944677f, -2.847167f, -2.702907f, -2.514264f, -2.284338f, -2.016903f, -1.71635f, -1.387615f, -1.036095f, -0.6675627f, -0.288069f, 0.09615469f, 0.4787995f, 0.8535829f, 1.21435f, 1.555177f, 1.87047f, 2.155048f, 2.404241f, 2.613956f, 2.78075f, 2.901885f, 2.97537f, 3f } ,
{ 3f, 2.97537f, 2.901885f, 2.78075f, 2.613956f, 2.404241f, 2.155048f, 1.87047f, 1.555177f, 1.21435f, 0.8535829f, 0.4787995f, 0.09615469f, -0.288069f, -0.6675627f, -1.036095f, -1.387615f, -1.71635f, -2.016903f, -2.284338f, -2.514264f, -2.702907f, -2.847167f, -2.944677f, -2.993836f, -2.993836f, -2.944677f, -2.847167f, -2.702907f, -2.514264f, -2.284338f, -2.016903f, -1.71635f, -1.387615f, -1.036095f, -0.6675627f, -0.288069f, 0.09615469f, 0.4787995f, 0.8535829f, 1.21435f, 1.555177f, 1.87047f, 2.155048f, 2.404241f, 2.613956f, 2.78075f, 2.901885f, 2.97537f, 3f } ,
{ 3f, 2.97537f, 2.901885f, 2.78075f, 2.613956f, 2.404241f, 2.155048f, 1.87047f, 1.555177f, 1.21435f, 0.8535829f, 0.4787995f, 0.09615469f, -0.288069f, -0.6675627f, -1.036095f, -1.387615f, -1.71635f, -2.016903f, -2.284338f, -2.514264f, -2.702907f, -2.847167f, -2.944677f, -2.993836f, -2.993836f, -2.944677f, -2.847167f, -2.702907f, -2.514264f, -2.284338f, -2.016903f, -1.71635f, -1.387615f, -1.036095f, -0.6675627f, -0.288069f, 0.09615469f, 0.4787995f, 0.8535829f, 1.21435f, 1.555177f, 1.87047f, 2.155048f, 2.404241f, 2.613956f, 2.78075f, 2.901885f, 2.97537f, 3f } ,
{ 3f, 2.97537f, 2.901885f, 2.78075f, 2.613956f, 2.404241f, 2.155048f, 1.87047f, 1.555177f, 1.21435f, 0.8535829f, 0.4787995f, 0.09615469f, -0.288069f, -0.6675627f, -1.036095f, -1.387615f, -1.71635f, -2.016903f, -2.284338f, -2.514264f, -2.702907f, -2.847167f, -2.944677f, -2.993836f, -2.993836f, -2.944677f, -2.847167f, -2.702907f, -2.514264f, -2.284338f, -2.016903f, -1.71635f, -1.387615f, -1.036095f, -0.6675627f, -0.288069f, 0.09615469f, 0.4787995f, 0.8535829f, 1.21435f, 1.555177f, 1.87047f, 2.155048f, 2.404241f, 2.613956f, 2.78075f, 2.901885f, 2.97537f, 3f } ,
{ 3f, 2.97537f, 2.901885f, 2.78075f, 2.613956f, 2.404241f, 2.155048f, 1.87047f, 1.555177f, 1.21435f, 0.8535829f, 0.4787995f, 0.09615469f, -0.288069f, -0.6675627f, -1.036095f, -1.387615f, -1.71635f, -2.016903f, -2.284338f, -2.514264f, -2.702907f, -2.847167f, -2.944677f, -2.993836f, -2.993836f, -2.944677f, -2.847167f, -2.702907f, -2.514264f, -2.284338f, -2.016903f, -1.71635f, -1.387615f, -1.036095f, -0.6675627f, -0.288069f, 0.09615469f, 0.4787995f, 0.8535829f, 1.21435f, 1.555177f, 1.87047f, 2.155048f, 2.404241f, 2.613956f, 2.78075f, 2.901885f, 2.97537f, 3f } ,
{ 3f, 2.97537f, 2.901885f, 2.78075f, 2.613956f, 2.404241f, 2.155048f, 1.87047f, 1.555177f, 1.21435f, 0.8535829f, 0.4787995f, 0.09615469f, -0.288069f, -0.6675627f, -1.036095f, -1.387615f, -1.71635f, -2.016903f, -2.284338f, -2.514264f, -2.702907f, -2.847167f, -2.944677f, -2.993836f, -2.993836f, -2.944677f, -2.847167f, -2.702907f, -2.514264f, -2.284338f, -2.016903f, -1.71635f, -1.387615f, -1.036095f, -0.6675627f, -0.288069f, 0.09615469f, 0.4787995f, 0.8535829f, 1.21435f, 1.555177f, 1.87047f, 2.155048f, 2.404241f, 2.613956f, 2.78075f, 2.901885f, 2.97537f, 3f } ,
{ 3f, 2.97537f, 2.901885f, 2.78075f, 2.613956f, 2.404241f, 2.155048f, 1.87047f, 1.555177f, 1.21435f, 0.8535829f, 0.4787995f, 0.09615469f, -0.288069f, -0.6675627f, -1.036095f, -1.387615f, -1.71635f, -2.016903f, -2.284338f, -2.514264f, -2.702907f, -2.847167f, -2.944677f, -2.993836f, -2.993836f, -2.944677f, -2.847167f, -2.702907f, -2.514264f, -2.284338f, -2.016903f, -1.71635f, -1.387615f, -1.036095f, -0.6675627f, -0.288069f, 0.09615469f, 0.4787995f, 0.8535829f, 1.21435f, 1.555177f, 1.87047f, 2.155048f, 2.404241f, 2.613956f, 2.78075f, 2.901885f, 2.97537f, 3f } ,
{ 3f, 2.97537f, 2.901885f, 2.78075f, 2.613956f, 2.404241f, 2.155048f, 1.87047f, 1.555177f, 1.21435f, 0.8535829f, 0.4787995f, 0.09615469f, -0.288069f, -0.6675627f, -1.036095f, -1.387615f, -1.71635f, -2.016903f, -2.284338f, -2.514264f, -2.702907f, -2.847167f, -2.944677f, -2.993836f, -2.993836f, -2.944677f, -2.847167f, -2.702907f, -2.514264f, -2.284338f, -2.016903f, -1.71635f, -1.387615f, -1.036095f, -0.6675627f, -0.288069f, 0.09615469f, 0.4787995f, 0.8535829f, 1.21435f, 1.555177f, 1.87047f, 2.155048f, 2.404241f, 2.613956f, 2.78075f, 2.901885f, 2.97537f, 3f } ,
{ 3f, 2.97537f, 2.901885f, 2.78075f, 2.613956f, 2.404241f, 2.155048f, 1.87047f, 1.555177f, 1.21435f, 0.8535829f, 0.4787995f, 0.09615469f, -0.288069f, -0.6675627f, -1.036095f, -1.387615f, -1.71635f, -2.016903f, -2.284338f, -2.514264f, -2.702907f, -2.847167f, -2.944677f, -2.993836f, -2.993836f, -2.944677f, -2.847167f, -2.702907f, -2.514264f, -2.284338f, -2.016903f, -1.71635f, -1.387615f, -1.036095f, -0.6675627f, -0.288069f, 0.09615469f, 0.4787995f, 0.8535829f, 1.21435f, 1.555177f, 1.87047f, 2.155048f, 2.404241f, 2.613956f, 2.78075f, 2.901885f, 2.97537f, 3f } ,
{ 3f, 2.97537f, 2.901885f, 2.78075f, 2.613956f, 2.404241f, 2.155048f, 1.87047f, 1.555177f, 1.21435f, 0.8535829f, 0.4787995f, 0.09615469f, -0.288069f, -0.6675627f, -1.036095f, -1.387615f, -1.71635f, -2.016903f, -2.284338f, -2.514264f, -2.702907f, -2.847167f, -2.944677f, -2.993836f, -2.993836f, -2.944677f, -2.847167f, -2.702907f, -2.514264f, -2.284338f, -2.016903f, -1.71635f, -1.387615f, -1.036095f, -0.6675627f, -0.288069f, 0.09615469f, 0.4787995f, 0.8535829f, 1.21435f, 1.555177f, 1.87047f, 2.155048f, 2.404241f, 2.613956f, 2.78075f, 2.901885f, 2.97537f, 3f } ,
{ 3f, 2.97537f, 2.901885f, 2.78075f, 2.613956f, 2.404241f, 2.155048f, 1.87047f, 1.555177f, 1.21435f, 0.8535829f, 0.4787995f, 0.09615469f, -0.288069f, -0.6675627f, -1.036095f, -1.387615f, -1.71635f, -2.016903f, -2.284338f, -2.514264f, -2.702907f, -2.847167f, -2.944677f, -2.993836f, -2.993836f, -2.944677f, -2.847167f, -2.702907f, -2.514264f, -2.284338f, -2.016903f, -1.71635f, -1.387615f, -1.036095f, -0.6675627f, -0.288069f, 0.09615469f, 0.4787995f, 0.8535829f, 1.21435f, 1.555177f, 1.87047f, 2.155048f, 2.404241f, 2.613956f, 2.78075f, 2.901885f, 2.97537f, 3f } ,
{ 3f, 2.97537f, 2.901885f, 2.78075f, 2.613956f, 2.404241f, 2.155048f, 1.87047f, 1.555177f, 1.21435f, 0.8535829f, 0.4787995f, 0.09615469f, -0.288069f, -0.6675627f, -1.036095f, -1.387615f, -1.71635f, -2.016903f, -2.284338f, -2.514264f, -2.702907f, -2.847167f, -2.944677f, -2.993836f, -2.993836f, -2.944677f, -2.847167f, -2.702907f, -2.514264f, -2.284338f, -2.016903f, -1.71635f, -1.387615f, -1.036095f, -0.6675627f, -0.288069f, 0.09615469f, 0.4787995f, 0.8535829f, 1.21435f, 1.555177f, 1.87047f, 2.155048f, 2.404241f, 2.613956f, 2.78075f, 2.901885f, 2.97537f, 3f } ,
{ 3f, 2.97537f, 2.901885f, 2.78075f, 2.613956f, 2.404241f, 2.155048f, 1.87047f, 1.555177f, 1.21435f, 0.8535829f, 0.4787995f, 0.09615469f, -0.288069f, -0.6675627f, -1.036095f, -1.387615f, -1.71635f, -2.016903f, -2.284338f, -2.514264f, -2.702907f, -2.847167f, -2.944677f, -2.993836f, -2.993836f, -2.944677f, -2.847167f, -2.702907f, -2.514264f, -2.284338f, -2.016903f, -1.71635f, -1.387615f, -1.036095f, -0.6675627f, -0.288069f, 0.09615469f, 0.4787995f, 0.8535829f, 1.21435f, 1.555177f, 1.87047f, 2.155048f, 2.404241f, 2.613956f, 2.78075f, 2.901885f, 2.97537f, 3f } ,
{ 3f, 2.97537f, 2.901885f, 2.78075f, 2.613956f, 2.404241f, 2.155048f, 1.87047f, 1.555177f, 1.21435f, 0.8535829f, 0.4787995f, 0.09615469f, -0.288069f, -0.6675627f, -1.036095f, -1.387615f, -1.71635f, -2.016903f, -2.284338f, -2.514264f, -2.702907f, -2.847167f, -2.944677f, -2.993836f, -2.993836f, -2.944677f, -2.847167f, -2.702907f, -2.514264f, -2.284338f, -2.016903f, -1.71635f, -1.387615f, -1.036095f, -0.6675627f, -0.288069f, 0.09615469f, 0.4787995f, 0.8535829f, 1.21435f, 1.555177f, 1.87047f, 2.155048f, 2.404241f, 2.613956f, 2.78075f, 2.901885f, 2.97537f, 3f } ,
{ 3f, 2.97537f, 2.901885f, 2.78075f, 2.613956f, 2.404241f, 2.155048f, 1.87047f, 1.555177f, 1.21435f, 0.8535829f, 0.4787995f, 0.09615469f, -0.288069f, -0.6675627f, -1.036095f, -1.387615f, -1.71635f, -2.016903f, -2.284338f, -2.514264f, -2.702907f, -2.847167f, -2.944677f, -2.993836f, -2.993836f, -2.944677f, -2.847167f, -2.702907f, -2.514264f, -2.284338f, -2.016903f, -1.71635f, -1.387615f, -1.036095f, -0.6675627f, -0.288069f, 0.09615469f, 0.4787995f, 0.8535829f, 1.21435f, 1.555177f, 1.87047f, 2.155048f, 2.404241f, 2.613956f, 2.78075f, 2.901885f, 2.97537f, 3f } ,
{ 3f, 2.977667f, 2.906698f, 2.788232f, 2.624237f, 2.41743f, 2.17123f, 1.889705f, 1.577501f, 1.239769f, 0.882077f, 0.5103209f, 0.1306279f, -0.2507474f, -0.6275218f, -0.9934903f, -1.342626f, -1.66918f, -1.967774f, -2.233494f, -2.461965f, -2.649425f, -2.792789f, -2.889696f, -2.938552f, -2.938552f, -2.889696f, -2.792789f, -2.649425f, -2.461965f, -2.233494f, -1.967774f, -1.66918f, -1.342626f, -0.9934903f, -0.6275218f, -0.2507474f, 0.1306279f, 0.5103209f, 0.882077f, 1.239769f, 1.577501f, 1.889705f, 2.17123f, 2.41743f, 2.624237f, 2.788232f, 2.906698f, 2.977667f, 3f } ,
{ 3f, 2.981463f, 2.914937f, 2.801181f, 2.642128f, 2.440457f, 2.199545f, 1.923415f, 1.616668f, 1.284406f, 0.9321491f, 0.5657448f, 0.1912698f, -0.1850688f, -0.5570357f, -0.9184706f, -1.26339f, -1.586086f, -1.881219f, -2.143905f, -2.369801f, -2.55517f, -2.696948f, -2.792789f, -2.841108f, -2.841108f, -2.792789f, -2.696948f, -2.55517f, -2.369801f, -2.143905f, -1.881219f, -1.586086f, -1.26339f, -0.9184706f, -0.5570357f, -0.1850688f, 0.1912698f, 0.5657448f, 0.9321491f, 1.284406f, 1.616668f, 1.923415f, 2.199545f, 2.440457f, 2.642128f, 2.801181f, 2.914937f, 2.981463f, 3f } ,
{ 3f, 2.986475f, 2.926537f, 2.819767f, 2.668048f, 2.474f, 2.240939f, 1.972822f, 1.674181f, 1.350047f, 1.005868f, 0.647417f, 0.2806991f, -0.08815135f, -0.4529691f, -0.8076628f, -1.146313f, -1.463271f, -1.753254f, -2.011428f, -2.233494f, -2.415753f, -2.55517f, -2.649425f, -2.696948f, -2.696948f, -2.649425f, -2.55517f, -2.415753f, -2.233494f, -2.011428f, -1.753254f, -1.463271f, -1.146313f, -0.8076628f, -0.4529691f, -0.08815135f, 0.2806991f, 0.647417f, 1.005868f, 1.350047f, 1.674181f, 1.972822f, 2.240939f, 2.474f, 2.668048f, 2.819767f, 2.926537f, 2.986475f, 3f } ,
{ 3f, 2.991905f, 2.940604f, 2.843004f, 2.700916f, 2.516884f, 2.294142f, 2.036561f, 1.748581f, 1.435142f, 1.101593f, 0.753612f, 0.3971068f, 0.03811688f, -0.3172862f, -0.6630998f, -0.9934903f, -1.302889f, -1.586086f, -1.838315f, -2.055334f, -2.233494f, -2.369801f, -2.461965f, -2.508437f, -2.508437f, -2.461965f, -2.369801f, -2.233494f, -2.055334f, -1.838315f, -1.586086f, -1.302889f, -0.9934903f, -0.6630998f, -0.3172862f, 0.03811688f, 0.3971068f, 0.753612f, 1.101593f, 1.435142f, 1.748581f, 2.036561f, 2.294142f, 2.516884f, 2.700916f, 2.843004f, 2.940604f, 2.991905f, 3f } ,
{ 3f, 2.996715f, 2.955985f, 2.869614f, 2.739329f, 2.56758f, 2.3575f, 2.112854f, 1.837969f, 1.537669f, 1.217185f, 0.882077f, 0.5381307f, 0.1912698f, -0.1525504f, -0.4874374f, -0.8076628f, -1.107757f, -1.382601f, -1.627511f, -1.838315f, -2.011428f, -2.143905f, -2.233494f, -2.278673f, -2.278673f, -2.233494f, -2.143905f, -2.011428f, -1.838315f, -1.627511f, -1.382601f, -1.107757f, -0.8076628f, -0.4874374f, -0.1525504f, 0.1912698f, 0.5381307f, 0.882077f, 1.217185f, 1.537669f, 1.837969f, 2.112854f, 2.3575f, 2.56758f, 2.739329f, 2.869614f, 2.955985f, 2.996715f, 3f } ,
{ 3f, 2.999659f, 2.971282f, 2.898051f, 2.781589f, 2.624237f, 2.42901f, 2.199545f, 1.940038f, 1.655174f, 1.350047f, 1.030073f, 0.7008982f, 0.3683061f, 0.03811688f, -0.2839088f, -0.5921674f, -0.8813058f, -1.146313f, -1.382601f, -1.586086f, -1.753254f, -1.881219f, -1.967774f, -2.011428f, -2.011428f, -1.967774f, -1.881219f, -1.753254f, -1.586086f, -1.382601f, -1.146313f, -0.8813058f, -0.5921674f, -0.2839088f, 0.03811688f, 0.3683061f, 0.7008982f, 1.030073f, 1.350047f, 1.655174f, 1.940038f, 2.199545f, 2.42901f, 2.624237f, 2.781589f, 2.898051f, 2.971282f, 2.999659f, 3f } ,
{ 3f, 3f, 2.984895f, 2.926537f, 2.825741f, 2.684722f, 2.506358f, 2.294142f, 2.052118f, 1.784815f, 1.497165f, 1.194425f, 0.882077f, 0.5657448f, 0.2510929f, -0.05626887f, -0.3508801f, -0.6275218f, -0.8813058f, -1.107757f, -1.302889f, -1.463271f, -1.586086f, -1.66918f, -1.711093f, -1.711093f, -1.66918f, -1.586086f, -1.463271f, -1.302889f, -1.107757f, -0.8813058f, -0.6275218f, -0.3508801f, -0.05626887f, 0.2510929f, 0.5657448f, 0.882077f, 1.194425f, 1.497165f, 1.784815f, 2.052118f, 2.294142f, 2.506358f, 2.684722f, 2.825741f, 2.926537f, 2.984895f, 3f, 3f } ,
{ 3f, 3f, 2.995052f, 2.953103f, 2.869614f, 2.74666f, 2.586967f, 2.393865f, 2.17123f, 1.923415f, 1.655174f, 1.371579f, 1.077935f, 0.7796829f, 0.4823145f, 0.1912698f, -0.08815135f, -0.3508801f, -0.5921674f, -0.8076628f, -0.9934903f, -1.146313f, -1.26339f, -1.342626f, -1.382601f, -1.382601f, -1.342626f, -1.26339f, -1.146313f, -0.9934903f, -0.8076628f, -0.5921674f, -0.3508801f, -0.08815135f, 0.1912698f, 0.4823145f, 0.7796829f, 1.077935f, 1.371579f, 1.655174f, 1.923415f, 2.17123f, 2.393865f, 2.586967f, 2.74666f, 2.869614f, 2.953103f, 2.995052f, 3f, 3f } ,
{ 3f, 3f, 2.999855f, 2.975631f, 2.910869f, 2.807488f, 2.668048f, 2.495703f, 2.294142f, 2.067525f, 1.82041f, 1.557669f, 1.284406f, 1.005868f, 0.7273508f, 0.4541104f, 0.1912698f, -0.05626887f, -0.2839088f, -0.4874374f, -0.6630998f, -0.8076628f, -0.9184706f, -0.9934903f, -1.031347f, -1.031347f, -0.9934903f, -0.9184706f, -0.8076628f, -0.6630998f, -0.4874374f, -0.2839088f, -0.05626887f, 0.1912698f, 0.4541104f, 0.7273508f, 1.005868f, 1.284406f, 1.557669f, 1.82041f, 2.067525f, 2.294142f, 2.495703f, 2.668048f, 2.807488f, 2.910869f, 2.975631f, 2.999855f, 3f, 3f } ,
{ 3f, 3f, 3f, 2.991905f, 2.947048f, 2.864506f, 2.74666f, 2.596471f, 2.41743f, 2.213486f, 1.988984f, 1.748581f, 1.497165f, 1.239769f, 0.9814793f, 0.7273508f, 0.4823145f, 0.2510929f, 0.03811688f, -0.1525504f, -0.3172862f, -0.4529691f, -0.5570357f, -0.6275218f, -0.6630998f, -0.6630998f, -0.6275218f, -0.5570357f, -0.4529691f, -0.3172862f, -0.1525504f, 0.03811688f, 0.2510929f, 0.4823145f, 0.7273508f, 0.9814793f, 1.239769f, 1.497165f, 1.748581f, 1.988984f, 2.213486f, 2.41743f, 2.596471f, 2.74666f, 2.864506f, 2.947048f, 2.991905f, 3f, 3f, 3f } ,
{ 3f, 3f, 3f, 2.999659f, 2.975631f, 2.914937f, 2.819767f, 2.692879f, 2.537546f, 2.3575f, 2.156856f, 1.940038f, 1.711705f, 1.476661f, 1.239769f, 1.005868f, 0.7796829f, 0.5657448f, 0.3683061f, 0.1912698f, 0.03811688f, -0.08815135f, -0.1850688f, -0.2507474f, -0.2839088f, -0.2839088f, -0.2507474f, -0.1850688f, -0.08815135f, 0.03811688f, 0.1912698f, 0.3683061f, 0.5657448f, 0.7796829f, 1.005868f, 1.239769f, 1.476661f, 1.711705f, 1.940038f, 2.156856f, 2.3575f, 2.537546f, 2.692879f, 2.819767f, 2.914937f, 2.975631f, 2.999659f, 3f, 3f, 3f } ,
{ 3f, 3f, 3f, 3f, 2.99409f, 2.955985f, 2.884303f, 2.781589f, 2.65089f, 2.495703f, 2.319901f, 2.127667f, 1.923415f, 1.711705f, 1.497165f, 1.284406f, 1.077935f, 0.882077f, 0.7008982f, 0.5381307f, 0.3971068f, 0.2806991f, 0.1912698f, 0.1306279f, 0.09999815f, 0.09999815f, 0.1306279f, 0.1912698f, 0.2806991f, 0.3971068f, 0.5381307f, 0.7008982f, 0.882077f, 1.077935f, 1.284406f, 1.497165f, 1.711705f, 1.923415f, 2.127667f, 2.319901f, 2.495703f, 2.65089f, 2.781589f, 2.884303f, 2.955985f, 2.99409f, 3f, 3f, 3f, 3f } ,
{ 3f, 3f, 3f, 3f, 3f, 2.984895f, 2.937236f, 2.859292f, 2.753875f, 2.624237f, 2.474f, 2.307091f, 2.127667f, 1.940038f, 1.748581f, 1.557669f, 1.371579f, 1.194425f, 1.030073f, 0.882077f, 0.753612f, 0.647417f, 0.5657448f, 0.5103209f, 0.4823145f, 0.4823145f, 0.5103209f, 0.5657448f, 0.647417f, 0.753612f, 0.882077f, 1.030073f, 1.194425f, 1.371579f, 1.557669f, 1.748581f, 1.940038f, 2.127667f, 2.307091f, 2.474f, 2.624237f, 2.753875f, 2.859292f, 2.937236f, 2.984895f, 3f, 3f, 3f, 3f, 3f } ,
{ 3f, 3f, 3f, 3f, 3f, 2.999015f, 2.975631f, 2.922771f, 2.843004f, 2.739329f, 2.615106f, 2.474f, 2.319901f, 2.156856f, 1.988984f, 1.82041f, 1.655174f, 1.497165f, 1.350047f, 1.217185f, 1.101593f, 1.005868f, 0.9321491f, 0.882077f, 0.8567606f, 0.8567606f, 0.882077f, 0.9321491f, 1.005868f, 1.101593f, 1.217185f, 1.350047f, 1.497165f, 1.655174f, 1.82041f, 1.988984f, 2.156856f, 2.319901f, 2.474f, 2.615106f, 2.739329f, 2.843004f, 2.922771f, 2.975631f, 2.999015f, 3f, 3f, 3f, 3f, 3f } ,
{ 3f, 3f, 3f, 3f, 3f, 3f, 2.996715f, 2.968968f, 2.914937f, 2.837359f, 2.739329f, 2.624237f, 2.495703f, 2.3575f, 2.213486f, 2.067525f, 1.923415f, 1.784815f, 1.655174f, 1.537669f, 1.435142f, 1.350047f, 1.284406f, 1.239769f, 1.217185f, 1.217185f, 1.239769f, 1.284406f, 1.350047f, 1.435142f, 1.537669f, 1.655174f, 1.784815f, 1.923415f, 2.067525f, 2.213486f, 2.3575f, 2.495703f, 2.624237f, 2.739329f, 2.837359f, 2.914937f, 2.968968f, 2.996715f, 3f, 3f, 3f, 3f, 3f, 3f } ,
{ 3f, 3f, 3f, 3f, 3f, 3f, 3f, 2.995052f, 2.966561f, 2.914937f, 2.843004f, 2.753875f, 2.65089f, 2.537546f, 2.41743f, 2.294142f, 2.17123f, 2.052118f, 1.940038f, 1.837969f, 1.748581f, 1.674181f, 1.616668f, 1.577501f, 1.557669f, 1.557669f, 1.577501f, 1.616668f, 1.674181f, 1.748581f, 1.837969f, 1.940038f, 2.052118f, 2.17123f, 2.294142f, 2.41743f, 2.537546f, 2.65089f, 2.753875f, 2.843004f, 2.914937f, 2.966561f, 2.995052f, 3f, 3f, 3f, 3f, 3f, 3f, 3f } ,
{ 3f, 3f, 3f, 3f, 3f, 3f, 3f, 3f, 2.995052f, 2.968968f, 2.922771f, 2.859292f, 2.781589f, 2.692879f, 2.596471f, 2.495703f, 2.393865f, 2.294142f, 2.199545f, 2.112854f, 2.036561f, 1.972822f, 1.923415f, 1.889705f, 1.872616f, 1.872616f, 1.889705f, 1.923415f, 1.972822f, 2.036561f, 2.112854f, 2.199545f, 2.294142f, 2.393865f, 2.495703f, 2.596471f, 2.692879f, 2.781589f, 2.859292f, 2.922771f, 2.968968f, 2.995052f, 3f, 3f, 3f, 3f, 3f, 3f, 3f, 3f } ,
{ 3f, 3f, 3f, 3f, 3f, 3f, 3f, 3f, 3f, 2.996715f, 2.975631f, 2.937236f, 2.884303f, 2.819767f, 2.74666f, 2.668048f, 2.586967f, 2.506358f, 2.42901f, 2.3575f, 2.294142f, 2.240939f, 2.199545f, 2.17123f, 2.156856f, 2.156856f, 2.17123f, 2.199545f, 2.240939f, 2.294142f, 2.3575f, 2.42901f, 2.506358f, 2.586967f, 2.668048f, 2.74666f, 2.819767f, 2.884303f, 2.937236f, 2.975631f, 2.996715f, 3f, 3f, 3f, 3f, 3f, 3f, 3f, 3f, 3f } ,
{ 3f, 3f, 3f, 3f, 3f, 3f, 3f, 3f, 3f, 3f, 2.999015f, 2.984895f, 2.955985f, 2.914937f, 2.864506f, 2.807488f, 2.74666f, 2.684722f, 2.624237f, 2.56758f, 2.516884f, 2.474f, 2.440457f, 2.41743f, 2.405715f, 2.405715f, 2.41743f, 2.440457f, 2.474f, 2.516884f, 2.56758f, 2.624237f, 2.684722f, 2.74666f, 2.807488f, 2.864506f, 2.914937f, 2.955985f, 2.984895f, 2.999015f, 3f, 3f, 3f, 3f, 3f, 3f, 3f, 3f, 3f, 3f } ,
{ 3f, 3f, 3f, 3f, 3f, 3f, 3f, 3f, 3f, 3f, 3f, 3f, 2.99409f, 2.975631f, 2.947048f, 2.910869f, 2.869614f, 2.825741f, 2.781589f, 2.739329f, 2.700916f, 2.668048f, 2.642128f, 2.624237f, 2.615106f, 2.615106f, 2.624237f, 2.642128f, 2.668048f, 2.700916f, 2.739329f, 2.781589f, 2.825741f, 2.869614f, 2.910869f, 2.947048f, 2.975631f, 2.99409f, 3f, 3f, 3f, 3f, 3f, 3f, 3f, 3f, 3f, 3f, 3f, 3f } ,
{ 3f, 3f, 3f, 3f, 3f, 3f, 3f, 3f, 3f, 3f, 3f, 3f, 3f, 2.999659f, 2.991905f, 2.975631f, 2.953103f, 2.926537f, 2.898051f, 2.869614f, 2.843004f, 2.819767f, 2.801181f, 2.788232f, 2.781589f, 2.781589f, 2.788232f, 2.801181f, 2.819767f, 2.843004f, 2.869614f, 2.898051f, 2.926537f, 2.953103f, 2.975631f, 2.991905f, 2.999659f, 3f, 3f, 3f, 3f, 3f, 3f, 3f, 3f, 3f, 3f, 3f, 3f, 3f } ,
{ 3f, 3f, 3f, 3f, 3f, 3f, 3f, 3f, 3f, 3f, 3f, 3f, 3f, 3f, 3f, 2.999855f, 2.995052f, 2.984895f, 2.971282f, 2.955985f, 2.940604f, 2.926537f, 2.914937f, 2.906698f, 2.902426f, 2.902426f, 2.906698f, 2.914937f, 2.926537f, 2.940604f, 2.955985f, 2.971282f, 2.984895f, 2.995052f, 2.999855f, 3f, 3f, 3f, 3f, 3f, 3f, 3f, 3f, 3f, 3f, 3f, 3f, 3f, 3f, 3f } ,
{ 3f, 3f, 3f, 3f, 3f, 3f, 3f, 3f, 3f, 3f, 3f, 3f, 3f, 3f, 3f, 3f, 3f, 3f, 2.999659f, 2.996715f, 2.991905f, 2.986475f, 2.981463f, 2.977667f, 2.975631f, 2.975631f, 2.977667f, 2.981463f, 2.986475f, 2.991905f, 2.996715f, 2.999659f, 3f, 3f, 3f, 3f, 3f, 3f, 3f, 3f, 3f, 3f, 3f, 3f, 3f, 3f, 3f, 3f, 3f, 3f } ,
{ 3f, 3f, 3f, 3f, 3f, 3f, 3f, 3f, 3f, 3f, 3f, 3f, 3f, 3f, 3f, 3f, 3f, 3f, 3f, 3f, 3f, 3f, 3f, 3f, 3f, 3f, 3f, 3f, 3f, 3f, 3f, 3f, 3f, 3f, 3f, 3f, 3f, 3f, 3f, 3f, 3f, 3f, 3f, 3f, 3f, 3f, 3f, 3f, 3f, 3f } };

public readonly static float[,] roomTemplate_U = { { 3f, 3f, 3f, 3f, 3f, 3f, 3f, 3f, 3f, 3f, 3f, 3f, 3f, 3f, 3f, 3f, 3f, 3f, 3f, 3f, 3f, 3f, 3f, 3f, 3f, 3f, 3f, 3f, 3f, 3f, 3f, 3f, 3f, 3f, 3f, 3f, 3f, 3f, 3f, 3f, 3f, 3f, 3f, 3f, 3f, 3f, 3f, 3f, 3f, 3f } ,
{ 2.97537f, 2.97537f, 2.97537f, 2.97537f, 2.97537f, 2.97537f, 2.97537f, 2.97537f, 2.97537f, 2.97537f, 2.97537f, 2.97537f, 2.97537f, 2.97537f, 2.97537f, 2.97537f, 2.97537f, 2.97537f, 2.97537f, 2.97537f, 2.97537f, 2.97537f, 2.97537f, 2.97537f, 2.97537f, 2.97537f, 2.977667f, 2.981463f, 2.986475f, 2.991905f, 2.996715f, 2.999659f, 3f, 3f, 3f, 3f, 3f, 3f, 3f, 3f, 3f, 3f, 3f, 3f, 3f, 3f, 3f, 3f, 3f, 3f } ,
{ 2.901885f, 2.901885f, 2.901885f, 2.901885f, 2.901885f, 2.901885f, 2.901885f, 2.901885f, 2.901885f, 2.901885f, 2.901885f, 2.901885f, 2.901885f, 2.901885f, 2.901885f, 2.901885f, 2.901885f, 2.901885f, 2.901885f, 2.901885f, 2.901885f, 2.901885f, 2.901885f, 2.901885f, 2.901885f, 2.901885f, 2.906698f, 2.914937f, 2.926537f, 2.940604f, 2.955985f, 2.971282f, 2.984895f, 2.995052f, 2.999855f, 3f, 3f, 3f, 3f, 3f, 3f, 3f, 3f, 3f, 3f, 3f, 3f, 3f, 3f, 3f } ,
